2 0.515907 0.458135 0.014281 0.030054
2 0.527553 0.456027 0.010449 0.030108
2 0.396826 0.488189 0.021413 0.055838
2 0.336164 0.619135 0.118080 0.253297
2 0.883525 0.472095 0.060351 0.092297
0 0.162561 0.561176 0.014926 0.158838
0 0.173595 0.564405 0.009739 0.143838
0 0.186540 0.571919 0.021479 0.188919
0 0.211850 0.571919 0.018881 0.171730
0 0.280993 0.525757 0.014273 0.143838
0 0.475997 0.521473 0.018824 0.186730
1 0.259906 0.557959 0.048668 0.182459
2 0.350429 0.462419 0.031152 0.064405
1 0.664837 0.481743 0.031797 0.103054
1 0.716752 0.474230 0.014926 0.122351
1 0.843615 0.462432 0.053211 0.167459
1 0.932161 0.475311 0.083783 0.201811
