1 0.763780 0.587147 0.068784 0.229973
2 0.581433 0.528040 0.060998 0.167653
2 0.545089 0.516280 0.022061 0.092293
2 0.529513 0.499013 0.014275 0.058027
2 0.513277 0.476467 0.014316 0.047280
2 0.505181 0.582840 0.062939 0.161200
2 0.492528 0.492573 0.019469 0.049413
2 0.480845 0.531267 0.022061 0.088133
2 0.463651 0.481827 0.022713 0.058053
2 0.445805 0.504400 0.023366 0.060160
2 0.420821 0.529107 0.021417 0.083813
2 0.379279 0.545240 0.059074 0.124667
2 0.288764 0.533413 0.051908 0.135413
2 0.197585 0.562427 0.085024 0.146133
2 0.399416 0.546200 0.040862 0.114107
0 0.372150 0.571987 0.017520 0.234480
