1 0.126221 0.667432 0.092802 0.474432
1 0.596050 0.571905 0.060351 0.296243
2 0.828689 0.557959 0.083064 0.130946
2 0.904939 0.570838 0.074632 0.126649
2 0.965935 0.574054 0.068129 0.133081
2 0.503897 0.512878 0.031797 0.079432
0 0.437051 0.563338 0.037010 0.244730
0 0.351078 0.512878 0.009085 0.113757
0 0.341671 0.579419 0.024011 0.238297
0 0.289428 0.478527 0.009085 0.088027
0 0.274183 0.496770 0.013627 0.115919
0 0.268015 0.469932 0.006487 0.079432
0 0.250490 0.486041 0.009085 0.103054
0 0.186895 0.480676 0.009085 0.105189
0 0.173272 0.486041 0.005188 0.064405
0 0.165486 0.482811 0.010384 0.075135
0 0.151209 0.487108 0.014281 0.083730
