1 0.675849 0.609720 0.081119 0.240720
1 0.707665 0.629053 0.095362 0.292293
2 0.951969 0.551680 0.096047 0.266507
2 0.134968 0.725773 0.203768 0.326693
2 0.263458 0.636480 0.085660 0.208693
2 0.327701 0.583907 0.053213 0.133253
2 0.355278 0.621427 0.086304 0.200080
2 0.344895 0.544120 0.047375 0.092507
2 0.399730 0.553720 0.055805 0.180773
2 0.456188 0.493653 0.014275 0.051573
2 0.448402 0.514067 0.018172 0.045147
2 0.428269 0.543093 0.020789 0.085973
2 0.493176 0.506547 0.014275 0.038693
2 0.510048 0.513027 0.032448 0.073147
2 0.546063 0.524707 0.069436 0.084027
