0 0.397134 0.480747 0.003897 0.042987
0 0.402975 0.476347 0.005193 0.043200
0 0.414988 0.487200 0.004533 0.042987
0 0.419533 0.482800 0.005862 0.043200
0 0.323792 0.516227 0.007810 0.083813
0 0.332242 0.513000 0.011683 0.103173
2 0.423740 0.472053 0.009090 0.030293
2 0.431852 0.483880 0.011031 0.032453
2 0.382210 0.492467 0.009090 0.032453
2 0.373124 0.497947 0.009082 0.038667
2 0.367935 0.502240 0.011683 0.042987
2 0.354952 0.508693 0.025958 0.073067
2 0.347166 0.532240 0.031143 0.086187
2 0.185584 0.670960 0.120700 0.251467
2 0.275785 0.595640 0.073986 0.182907
2 0.444831 0.492573 0.017520 0.053733
2 0.466554 0.506547 0.029887 0.073093
2 0.491876 0.521480 0.045427 0.116293
2 0.565857 0.553827 0.090845 0.210640
2 0.708945 0.689173 0.205717 0.421120
1 0.245608 0.674200 0.053857 0.399760
1 0.314396 0.627880 0.039581 0.298960
