1 0.706997 0.590373 0.043478 0.300907
1 0.429581 0.506520 0.018164 0.094640
1 0.441908 0.506440 0.015572 0.094800
1 0.477927 0.497947 0.017528 0.085973
2 0.471743 0.476413 0.046691 0.115973
0 0.613893 0.539867 0.016836 0.217067
0 0.624907 0.547267 0.010378 0.111973
0 0.649887 0.556027 0.033108 0.120480
0 0.748837 0.554907 0.029879 0.208480
0 0.770290 0.567800 0.016908 0.229947
0 0.878313 0.705360 0.061651 0.272960
0 0.935097 0.588267 0.054509 0.344000
0 0.972411 0.623680 0.025306 0.242880
0 0.228740 0.564573 0.025306 0.116080
0 0.251453 0.548453 0.016224 0.195573
0 0.314722 0.535560 0.018172 0.191280
0 0.014915 0.596813 0.020765 0.184827
0 0.052878 0.580693 0.031795 0.152587
0 0.072995 0.569893 0.024010 0.139787
0 0.094412 0.576400 0.017520 0.144000
