2 0.133994 0.620453 0.112271 0.189120
2 0.244960 0.567787 0.068132 0.144000
2 0.281626 0.555880 0.019469 0.068987
2 0.514915 0.509773 0.013631 0.040827
2 0.485064 0.565640 0.031804 0.096720
2 0.494473 0.521600 0.018172 0.042987
2 0.463647 0.510853 0.030499 0.064480
2 0.447428 0.539867 0.021409 0.058027
2 0.424714 0.562427 0.038285 0.085973
2 0.401353 0.573187 0.047375 0.107440
2 0.360471 0.594653 0.073325 0.154747
2 0.502911 0.612893 0.059702 0.156987
2 0.607061 0.600040 0.082415 0.242853
2 0.535032 0.532333 0.020113 0.068773
2 0.565853 0.525893 0.019469 0.051573
2 0.551252 0.551680 0.029203 0.090293
2 0.560664 0.576400 0.031151 0.092427
0 0.328345 0.648400 0.020765 0.309493
1 0.879291 0.701013 0.099936 0.333227
